400.48	0.78973
400.95	0.77075
401.43	0.75731
401.9	0.74853
402.38	0.74355
402.85	0.74149
403.33	0.74149
403.8	0.74268
404.28	0.74426
404.75	0.74584
405.23	0.74743
405.7	0.74901
406.18	0.75059
406.65	0.75218
407.13	0.75376
407.6	0.75534
408.08	0.75693
408.55	0.75851
409.03	0.7601
409.5	0.76168
409.98	0.76326
410.45	0.76485
410.93	0.76643
411.4	0.76801
411.88	0.7696
412.35	0.77118
412.83	0.77237
413.3	0.77395
413.78	0.77553
414.25	0.77712
414.73	0.7787
415.2	0.77989
415.68	0.78147
416.15	0.78306
416.63	0.78424
417.1	0.78583
417.58	0.78741
418.05	0.7886
418.53	0.78979
419	0.79137
419.48	0.79295
419.95	0.79454
420.43	0.79572
420.9	0.79691
421.38	0.7985
421.85	0.80008
422.33	0.80087
422.8	0.80245
423.28	0.80404
423.75	0.80483
424.23	0.80641
424.7	0.808
425.18	0.80879
425.65	0.81037
426.13	0.81156
426.6	0.81275
427.08	0.81433
427.55	0.81512
428.03	0.81671
428.5	0.8175
428.98	0.81908
429.45	0.82027
429.93	0.82146
430.4	0.82264
430.88	0.82383
431.35	0.82502
431.83	0.82621
432.3	0.8274
432.78	0.82858
433.25	0.82977
433.73	0.83096
434.2	0.83215
434.68	0.83333
435.15	0.83413
435.63	0.83531
436.1	0.8365
436.58	0.83769
437.05	0.83888
437.53	0.84006
438	0.84086
438.48	0.84204
438.95	0.84283
439.43	0.84402
439.9	0.84481
440.38	0.846
440.86	0.84679
441.33	0.84798
441.81	0.84877
442.28	0.84956
442.76	0.85036
443.23	0.85115
443.71	0.85194
444.18	0.85273
444.66	0.85432
445.13	0.85511
445.61	0.8559
446.08	0.85669
446.56	0.85748
447.03	0.85827
447.51	0.85907
447.98	0.85986
448.46	0.86065
448.93	0.86144
449.41	0.86223
449.88	0.86223
450.36	0.86302
450.83	0.86382
451.31	0.86461
451.78	0.8654
452.26	0.86619
452.73	0.86698
453.21	0.86778
453.68	0.86857
454.16	0.86936
454.63	0.86936
455.11	0.87015
455.58	0.87094
456.06	0.87173
456.53	0.87253
457.01	0.87332
457.48	0.87332
457.96	0.87411
458.43	0.8749
458.91	0.87569
459.38	0.87648
459.86	0.87648
460.33	0.87728
460.81	0.87807
461.28	0.87886
461.76	0.87886
462.23	0.87965
462.71	0.88044
463.18	0.88124
463.66	0.88124
464.13	0.88203
464.61	0.88282
465.08	0.88361
465.56	0.88361
466.03	0.8844
466.51	0.88519
466.98	0.88599
467.46	0.88599
467.93	0.88678
468.41	0.88757
468.88	0.88757
469.36	0.88836
469.83	0.88915
470.31	0.88915
470.78	0.88994
471.26	0.89074
471.73	0.89074
472.21	0.89153
472.68	0.89232
473.16	0.89232
473.63	0.89311
474.11	0.89311
474.58	0.8939
475.06	0.8947
475.53	0.8947
476.01	0.89549
476.48	0.89628
476.96	0.89628
477.43	0.89707
477.91	0.89786
478.38	0.89786
478.86	0.89865
479.33	0.89945
479.81	0.89945
480.29	0.90024
480.76	0.90103
481.24	0.90103
481.71	0.90182
482.19	0.90261
482.66	0.9034
483.14	0.9034
483.61	0.9042
484.09	0.90499
484.56	0.90499
485.04	0.90578
485.51	0.90657
485.99	0.90657
486.46	0.90736
486.94	0.90816
487.41	0.90895
487.89	0.90895
488.36	0.90974
488.84	0.91053
489.31	0.91053
489.79	0.91132
490.26	0.91211
490.74	0.91291
491.21	0.91291
491.69	0.9137
492.16	0.91449
492.64	0.91528
493.11	0.91528
493.59	0.91607
494.06	0.91686
494.54	0.91766
495.01	0.91766
495.49	0.91845
495.96	0.91924
496.44	0.92003
496.91	0.92003
497.39	0.92082
497.86	0.92162
498.34	0.92241
498.81	0.92241
499.29	0.9232
499.76	0.92399
500.24	0.92478
500.71	0.92557
501.19	0.92557
501.66	0.92637
502.14	0.92716
502.61	0.92795
503.09	0.92874
503.56	0.92874
504.04	0.92953
504.51	0.93032
504.99	0.93112
505.46	0.93112
505.94	0.93191
506.41	0.9327
506.89	0.93349
507.36	0.93428
507.84	0.93428
508.31	0.93508
508.79	0.93587
509.26	0.93666
509.74	0.93745
510.21	0.93824
510.69	0.93824
511.16	0.93903
511.64	0.93983
512.11	0.94062
512.59	0.94141
513.06	0.9422
513.54	0.9422
514.01	0.94299
514.49	0.94378
514.96	0.94458
515.44	0.94537
515.91	0.94616
516.39	0.94616
516.86	0.94695
517.34	0.94774
517.81	0.94854
518.29	0.94933
518.76	0.95012
519.24	0.95091
519.71	0.95091
520.19	0.9517
520.67	0.95249
521.14	0.95329
521.62	0.95408
522.09	0.95487
522.57	0.95487
523.04	0.95566
523.52	0.95645
523.99	0.95724
524.47	0.95724
524.94	0.95804
525.42	0.95883
525.89	0.95962
526.37	0.95962
526.84	0.96041
527.32	0.96041
527.79	0.9612
528.27	0.962
528.74	0.962
529.22	0.96279
529.69	0.96358
530.17	0.96358
530.64	0.96437
531.12	0.96437
531.59	0.96516
532.07	0.96516
532.54	0.96595
533.02	0.96635
533.49	0.96675
533.97	0.96714
534.44	0.96754
534.92	0.96793
535.39	0.96833
535.87	0.96912
536.34	0.96912
536.82	0.96991
537.29	0.96991
537.77	0.9707
538.24	0.9707
538.72	0.9715
539.19	0.9715
539.67	0.97189
540.14	0.97229
540.62	0.97268
541.09	0.97308
541.57	0.97348
542.04	0.97387
542.52	0.97387
542.99	0.97466
543.47	0.97466
543.94	0.97546
544.42	0.97546
544.89	0.97585
545.37	0.97625
545.84	0.97664
546.32	0.97704
546.79	0.97743
547.27	0.97783
547.74	0.97783
548.22	0.97823
548.69	0.97862
549.17	0.97902
549.64	0.97941
550.12	0.97941
550.59	0.97981
551.07	0.98021
551.54	0.98021
552.02	0.9806
552.49	0.981
552.97	0.98139
553.44	0.98139
553.92	0.98179
554.39	0.98219
554.87	0.98219
555.34	0.98258
555.82	0.98298
556.29	0.98298
556.77	0.98337
557.24	0.98377
557.72	0.98377
558.19	0.98416
558.67	0.98456
559.14	0.98456
559.62	0.98496
560.1	0.98535
560.57	0.98535
561.05	0.98575
561.52	0.98614
562	0.98614
562.47	0.98654
562.95	0.98694
563.42	0.98694
563.9	0.98733
564.37	0.98773
564.85	0.98812
565.32	0.98812
565.8	0.98852
566.27	0.98892
566.75	0.98892
567.22	0.98931
567.7	0.98971
568.17	0.98971
568.65	0.9901
569.12	0.9905
569.6	0.99089
570.07	0.99129
570.55	0.99129
571.02	0.99169
571.5	0.99208
571.97	0.99208
572.45	0.99248
572.92	0.99287
573.4	0.99327
573.87	0.99327
574.35	0.99367
574.82	0.99406
575.3	0.99446
575.77	0.99446
576.25	0.99485
576.72	0.99525
577.2	0.99525
577.67	0.99565
578.15	0.99604
578.62	0.99644
579.1	0.99683
579.57	0.99683
580.05	0.99723
580.52	0.99762
581	0.99762
581.47	0.99802
581.95	0.99802
582.42	0.99842
582.9	0.99881
583.37	0.99881
583.85	0.99881
584.32	0.99881
584.8	0.99881
585.27	0.99921
585.75	0.99921
586.22	0.99921
586.7	0.99921
587.17	0.99921
587.65	0.99921
588.12	0.99921
588.6	0.99921
589.07	0.99921
589.55	0.99921
590.02	0.99921
590.5	0.99921
590.97	0.99921
591.45	0.99921
591.92	0.99921
592.4	0.99921
592.87	0.99921
593.35	0.99921
593.82	0.99921
594.3	0.99921
594.77	0.99921
595.25	0.99921
595.72	0.99921
596.2	0.99921
596.67	0.99921
597.15	0.99921
597.62	0.99921
598.1	0.99921
598.57	0.99921
599.05	0.99881
599.52	0.99881
600	0.99881
600.48	0.99881
600.95	0.99881
601.43	0.99881
601.9	0.99881
602.38	0.99881
602.85	0.99881
603.33	0.99881
603.8	0.99881
604.28	0.99881
604.75	0.99881
605.23	0.99881
605.7	0.99881
606.18	0.99881
606.65	0.99881
607.13	0.99881
607.6	0.99842
608.08	0.99802
608.55	0.99802
609.03	0.99802
609.5	0.99802
609.98	0.99802
610.45	0.99802
610.93	0.99802
611.4	0.99802
611.88	0.99802
612.35	0.99802
612.83	0.99802
613.3	0.99802
613.78	0.99802
614.25	0.99762
614.73	0.99723
615.2	0.99723
615.68	0.99723
616.15	0.99723
616.63	0.99723
617.1	0.99723
617.58	0.99723
618.05	0.99723
618.53	0.99723
619	0.99723
619.48	0.99683
619.95	0.99644
620.43	0.99644
620.9	0.99644
621.38	0.99644
621.85	0.99644
622.33	0.99644
622.8	0.99644
623.28	0.99644
623.75	0.99604
624.23	0.99565
624.7	0.99565
625.18	0.99565
625.65	0.99565
626.13	0.99565
626.6	0.99565
627.08	0.99525
627.55	0.99485
628.03	0.99485
628.5	0.99485
628.98	0.99485
629.45	0.99485
629.93	0.99485
630.4	0.99446
630.88	0.99406
631.35	0.99406
631.83	0.99406
632.3	0.99406
632.78	0.99406
633.25	0.99367
633.73	0.99327
634.2	0.99327
634.68	0.99327
635.15	0.99327
635.63	0.99327
636.1	0.99287
636.58	0.99248
637.05	0.99248
637.53	0.99248
638	0.99248
638.48	0.99208
638.95	0.99169
639.43	0.99169
639.9	0.99129
640.38	0.99089
640.86	0.99089
641.33	0.99089
641.81	0.9905
642.28	0.9901
642.76	0.9901
643.23	0.98971
643.71	0.98931
644.18	0.98892
644.66	0.98852
645.13	0.98852
645.61	0.98812
646.08	0.98773
646.56	0.98733
647.03	0.98694
647.51	0.98654
647.98	0.98614
648.46	0.98575
648.93	0.98535
649.41	0.98496
649.88	0.98456
650.36	0.98416
650.83	0.98377
651.31	0.98337
651.78	0.98298
652.26	0.98258
652.73	0.98219
653.21	0.98179
653.68	0.981
654.16	0.9806
654.63	0.98021
655.11	0.97981
655.58	0.97941
656.06	0.97902
656.53	0.97862
657.01	0.97783
657.48	0.97743
657.96	0.97704
658.43	0.97625
658.91	0.97585
659.38	0.97546
659.86	0.97506
660.33	0.97466
660.81	0.97387
661.28	0.97348
661.76	0.97308
662.23	0.97229
662.71	0.97189
663.18	0.9715
663.66	0.9707
664.13	0.97031
664.61	0.96991
665.08	0.96912
665.56	0.96833
666.03	0.96793
666.51	0.96754
666.98	0.96675
667.46	0.96595
667.93	0.96556
668.41	0.96516
668.88	0.96437
669.36	0.96358
669.83	0.96318
670.31	0.96279
670.78	0.962
671.26	0.9612
671.73	0.96081
672.21	0.96041
672.68	0.95962
673.16	0.95922
673.63	0.95883
674.11	0.95804
674.58	0.95724
675.06	0.95685
675.53	0.95645
676.01	0.95566
676.48	0.95487
676.96	0.95447
677.43	0.95408
677.91	0.95329
678.38	0.95289
678.86	0.95249
679.33	0.9517
679.81	0.95091
680.29	0.95051
680.76	0.95012
681.24	0.94933
681.71	0.94893
682.19	0.94854
682.66	0.94774
683.14	0.94695
683.61	0.94656
684.09	0.94616
684.56	0.94537
685.04	0.94497
685.51	0.94458
685.99	0.94378
686.46	0.94339
686.94	0.94299
687.41	0.9422
687.89	0.94181
688.36	0.94141
688.84	0.94062
689.31	0.94022
689.79	0.93983
690.26	0.93903
690.74	0.93864
691.21	0.93824
691.69	0.93745
692.16	0.93666
692.64	0.93626
693.11	0.93587
693.59	0.93508
694.06	0.93468
694.54	0.93428
695.01	0.93349
695.49	0.9331
695.96	0.9327
696.44	0.93191
696.91	0.93112
697.39	0.93072
697.86	0.93032
698.34	0.92953
698.81	0.92914
699.29	0.92874
699.76	0.92795
700.24	0.92755
700.71	0.92716
701.19	0.92637
701.66	0.92557
702.14	0.92518
702.61	0.92478
703.09	0.92399
703.56	0.92359
704.04	0.9232
704.51	0.92241
704.99	0.92162
705.46	0.92122
705.94	0.92082
706.41	0.92003
706.89	0.91964
707.36	0.91924
707.84	0.91845
708.31	0.91766
708.79	0.91726
709.26	0.91686
709.74	0.91607
710.21	0.91528
710.69	0.91489
711.16	0.91449
711.64	0.9137
712.11	0.9133
712.59	0.91291
713.06	0.91211
713.54	0.91132
714.01	0.91093
714.49	0.91053
714.96	0.90974
715.44	0.90895
715.91	0.90816
716.39	0.90776
716.86	0.90736
717.34	0.90657
717.81	0.90578
718.29	0.90538
718.76	0.90499
719.24	0.9042
719.71	0.9034
720.19	0.90261
720.67	0.90182
721.14	0.90143
721.62	0.90103
722.09	0.90024
722.57	0.89945
723.04	0.89865
723.52	0.89786
723.99	0.89747
724.47	0.89707
724.94	0.89628
725.42	0.89549
725.89	0.8947
726.37	0.8939
726.84	0.89311
727.32	0.89232
727.79	0.89153
728.27	0.89074
728.74	0.89034
729.22	0.88994
729.69	0.88915
730.17	0.88836
730.64	0.88757
731.12	0.88678
731.59	0.88599
732.07	0.88519
732.54	0.8844
733.02	0.88361
733.49	0.88282
733.97	0.88124
734.44	0.88044
734.92	0.87965
735.39	0.87886
735.87	0.87807
736.34	0.87728
736.82	0.87648
737.29	0.87569
737.77	0.87411
738.24	0.87332
738.72	0.87253
739.19	0.87173
739.67	0.87094
740.14	0.87015
740.62	0.86936
741.09	0.86857
741.57	0.86778
742.04	0.86698
742.52	0.86619
742.99	0.8654
743.47	0.86461
743.94	0.86382
744.42	0.86302
744.89	0.86263
745.37	0.86223
745.84	0.86144
746.32	0.86065
746.79	0.85986
747.27	0.85907
747.74	0.85827
748.22	0.85748
748.69	0.85709
749.17	0.85669
749.64	0.8559
750.12	0.85511
750.59	0.85432
751.07	0.85392
751.54	0.85352
752.02	0.85273
752.49	0.85194
752.97	0.85115
753.44	0.85075
753.92	0.85036
754.39	0.84956
754.87	0.84877
755.34	0.84838
755.82	0.84798
756.29	0.84719
756.77	0.8464
757.24	0.846
757.72	0.84561
758.19	0.84481
758.67	0.84442
759.14	0.84402
759.62	0.84323
760.1	0.84283
760.57	0.84244
761.05	0.84165
761.52	0.84125
762	0.84086
762.47	0.84006
762.95	0.83967
763.42	0.83927
763.9	0.83848
764.37	0.83808
764.85	0.83769
765.32	0.8369
765.8	0.8361
766.27	0.83571
766.75	0.83531
767.22	0.83452
767.7	0.83373
768.17	0.83294
768.65	0.83215
769.12	0.83135
769.6	0.83056
770.07	0.82977
770.55	0.82898
771.02	0.82819
771.5	0.8274
771.97	0.82581
772.45	0.82502
772.92	0.82423
773.4	0.82344
773.87	0.82225
774.35	0.82106
774.82	0.82027
775.3	0.81948
775.77	0.81789
776.25	0.8171
776.72	0.81631
777.2	0.81473
777.67	0.81394
778.15	0.81314
778.62	0.81156
779.1	0.81077
779.57	0.80998
780.05	0.80879
780.52	0.8076
781	0.80681
781.47	0.80602
781.95	0.80443
782.42	0.80364
782.9	0.80285
783.37	0.80206
783.85	0.80048
784.32	0.79968
784.8	0.79889
785.27	0.79731
785.75	0.79652
786.22	0.79572
786.7	0.79493
787.17	0.79335
787.65	0.79256
788.12	0.79177
788.6	0.79097
789.07	0.78939
789.55	0.7886
790.02	0.78781
790.5	0.78702
790.97	0.78583
791.45	0.78464
791.92	0.78385
792.4	0.78306
792.87	0.78226
793.35	0.78147
793.82	0.77989
794.3	0.7791
794.77	0.77831
795.25	0.77751
795.72	0.77672
796.2	0.77593
796.67	0.77514
797.15	0.77435
797.62	0.77276
798.1	0.77197
798.57	0.77118
799.05	0.77039
799.52	0.7696
800	0.7688
800.48	0.76801
800.95	0.76722
801.43	0.76643
801.9	0.76564
802.38	0.76485
802.85	0.76405
803.33	0.76326
803.8	0.76247
804.28	0.76168
804.75	0.76089
805.23	0.7601
805.7	0.75851
806.18	0.75772
806.65	0.75693
807.13	0.75614
807.6	0.75534
808.08	0.75455
808.55	0.75376
809.03	0.75297
809.5	0.75218
809.98	0.75139
810.45	0.75059
810.93	0.7498
811.4	0.74901
811.88	0.74822
812.35	0.74743
812.83	0.74663
813.3	0.74584
813.78	0.74505
814.25	0.74426
814.73	0.74347
815.2	0.74268
815.68	0.74188
816.15	0.74109
816.63	0.7403
817.1	0.73951
817.58	0.73872
818.05	0.73793
818.53	0.73713
819	0.73634
819.48	0.73555
819.95	0.73476
820.43	0.73397
820.9	0.73317
821.38	0.73238
821.85	0.73159
822.33	0.7308
822.8	0.73001
823.28	0.72922
823.75	0.72842
824.23	0.72763
824.7	0.72684
825.18	0.72605
825.65	0.72526
826.13	0.72447
826.6	0.72367
827.08	0.72288
827.55	0.72209
828.03	0.7213
828.5	0.72051
828.98	0.71971
829.45	0.71892
829.93	0.71813
830.4	0.71734
830.88	0.71655
831.35	0.71576
831.83	0.71496
832.3	0.71417
832.78	0.71378
833.25	0.71338
833.73	0.7118
834.2	0.71101
834.68	0.71021
835.15	0.70942
835.63	0.70863
836.1	0.70784
836.58	0.70705
837.05	0.70625
837.53	0.70546
838	0.70467
838.48	0.70388
838.95	0.70309
839.43	0.7023
839.9	0.7015
840.38	0.70071
840.86	0.69913
841.33	0.69834
841.81	0.69755
842.28	0.69675
842.76	0.69596
843.23	0.69517
843.71	0.69438
844.18	0.69359
844.66	0.69279
845.13	0.69121
845.61	0.69082
846.08	0.69042
846.56	0.68963
847.03	0.68884
847.51	0.68804
847.98	0.68725
848.46	0.68686
848.93	0.68646
849.41	0.68567
849.88	0.68488
850.36	0.68448
850.83	0.68409
851.31	0.68329
851.78	0.6829
852.26	0.6825
852.73	0.68171
853.21	0.68131
853.68	0.68092
854.16	0.68013
854.63	0.67973
855.11	0.67933
855.58	0.67854
856.06	0.67775
856.53	0.67696
857.01	0.67656
857.48	0.67617
857.96	0.67538
858.43	0.67458
858.91	0.67379
859.38	0.673
859.86	0.67221
860.33	0.67142
860.81	0.67063
861.28	0.66983
861.76	0.66904
862.23	0.66825
862.71	0.66746
863.18	0.66667
863.66	0.66587
864.13	0.66508
864.61	0.66429
865.08	0.6635
865.56	0.66271
866.03	0.66192
866.51	0.66033
866.98	0.65954
867.46	0.65875
867.93	0.65796
868.41	0.65717
868.88	0.65637
869.36	0.65558
869.83	0.65479
870.31	0.654
870.78	0.65241
871.26	0.65162
871.73	0.65083
872.21	0.65004
872.68	0.64925
873.16	0.64766
873.63	0.64687
874.11	0.64608
874.58	0.64529
875.06	0.6445
875.53	0.64371
876.01	0.64291
876.48	0.64212
876.96	0.64133
877.43	0.64054
877.91	0.63975
878.38	0.63895
878.86	0.63816
879.33	0.63737
879.81	0.63658
880.29	0.63579
880.76	0.635
881.24	0.6346
881.71	0.6342
882.19	0.63341
882.66	0.63262
883.14	0.63183
883.61	0.63143
884.09	0.63104
884.56	0.63025
885.04	0.62945
885.51	0.62866
885.99	0.62787
886.46	0.62708
886.94	0.62629
887.41	0.62549
887.89	0.6251
888.36	0.6247
888.84	0.62391
889.31	0.62312
889.79	0.62233
890.26	0.62074
890.74	0.61995
891.21	0.61916
891.69	0.61837
892.16	0.61758
892.64	0.61679
893.11	0.61599
893.59	0.6152
894.06	0.61362
894.54	0.61283
895.01	0.61203
895.49	0.61124
895.96	0.61045
896.44	0.60966
896.91	0.60887
897.39	0.60808
897.86	0.60728
898.34	0.60649
898.81	0.6057
899.29	0.60491
899.76	0.60451
900.24	0.60412
900.71	0.60333
901.19	0.60253
901.66	0.60174
902.14	0.60135
902.61	0.60095
903.09	0.60016
903.56	0.59976
904.04	0.59937
904.51	0.59857
904.99	0.59818
905.46	0.59778
905.94	0.59739
906.41	0.59699
906.89	0.5962
907.36	0.5958
907.84	0.59541
908.31	0.59462
908.79	0.59422
909.26	0.59382
909.74	0.59303
910.21	0.59264
910.69	0.59224
911.16	0.59145
911.64	0.59105
912.11	0.59066
912.59	0.58987
913.06	0.58947
913.54	0.58907
914.01	0.58828
914.49	0.58789
914.96	0.58749
915.44	0.5867
915.91	0.5863
916.39	0.58591
916.86	0.58511
917.34	0.58432
917.81	0.58393
918.29	0.58353
918.76	0.58274
919.24	0.58195
919.71	0.58155
920.19	0.58116
920.67	0.58036
921.14	0.57957
921.62	0.57878
922.09	0.57838
922.57	0.57799
923.04	0.5772
923.52	0.57641
923.99	0.57561
924.47	0.57482
924.94	0.57443
925.42	0.57403
925.89	0.57324
926.37	0.57245
926.84	0.57165
927.32	0.57126
927.79	0.57086
928.27	0.57007
928.74	0.56928
929.22	0.56888
929.69	0.56849
930.17	0.5677
930.64	0.5669
931.12	0.56651
931.59	0.56611
932.07	0.56532
932.54	0.56453
933.02	0.56413
933.49	0.56374
933.97	0.56295
934.44	0.56215
934.92	0.56176
935.39	0.56136
935.87	0.56057
936.34	0.55978
936.82	0.55938
937.29	0.55899
937.77	0.55819
938.24	0.5578
938.72	0.5574
939.19	0.55661
939.67	0.55582
940.14	0.55542
940.62	0.55503
941.09	0.55424
941.57	0.55384
942.04	0.55344
942.52	0.55265
942.99	0.55226
943.47	0.55186
943.94	0.55107
944.42	0.55067
944.89	0.55028
945.37	0.54949
945.84	0.54869
946.32	0.5483
946.79	0.5479
947.27	0.54751
947.74	0.54711
948.22	0.54632
948.69	0.54592
949.17	0.54553
949.64	0.54513
950.12	0.54473
950.59	0.54394
951.07	0.54355
951.54	0.54315
952.02	0.54276
952.49	0.54236
952.97	0.54196
953.44	0.54157
953.92	0.54078
954.39	0.54038
954.87	0.53998
955.34	0.53959
955.82	0.53919
956.29	0.5388
956.77	0.5384
957.24	0.538
957.72	0.53761
958.19	0.53721
958.67	0.53721
959.14	0.53682
959.62	0.53642
960.1	0.53603
960.57	0.53563
961.05	0.53523
961.52	0.53484
962	0.53484
962.47	0.53444
962.95	0.53405
963.42	0.53365
963.9	0.53325
964.37	0.53286
964.85	0.53246
965.32	0.53207
965.8	0.53167
966.27	0.53167
966.75	0.53127
967.22	0.53088
967.7	0.53048
968.17	0.53009
968.65	0.52969
969.12	0.5293
969.6	0.5289
970.07	0.5285
970.55	0.52811
971.02	0.52732
971.5	0.52692
971.97	0.52652
972.45	0.52613
972.92	0.52573
973.4	0.52534
973.87	0.52494
974.35	0.52415
974.82	0.52375
975.3	0.52336
975.77	0.52296
976.25	0.52257
976.72	0.52217
977.2	0.52177
977.67	0.52098
978.15	0.52059
978.62	0.52019
979.1	0.5194
979.57	0.519
980.05	0.51861
980.52	0.51821
981	0.51781
981.47	0.51702
981.95	0.51663
982.42	0.51623
982.9	0.51584
983.37	0.51544
983.85	0.51465
984.32	0.51425
984.8	0.51386
985.27	0.51346
985.75	0.51306
986.22	0.51267
986.7	0.51227
987.17	0.51148
987.65	0.51108
988.12	0.51069
988.6	0.51029
989.07	0.5099
989.55	0.5095
990.02	0.50911
990.5	0.50871
990.97	0.50831
991.45	0.50792
991.92	0.50752
992.4	0.50713
992.87	0.50673
993.35	0.50633
993.82	0.50594
994.3	0.50554
994.77	0.50554
995.25	0.50515
995.72	0.50475
996.2	0.50435
996.67	0.50396
997.15	0.50356
997.62	0.50317
998.1	0.50277
998.57	0.50238
999.05	0.50198
999.52	0.50158
1000	0.50158
