Fluorescent 3460K										
Date	16.1.2009									
Time										
Integration time [ms]	10189									
Illuminance[lx]	610.8									
Irradiance[W/sqm]	2.35675									
CCT [K]	3457.75									
wavelength [nm]	Irradiance[W/(sqm*nm)]									
380	0.000211813									
381	0.000224829									
382	0.000232898									
383	0.000236404									
384	0.000236052									
385	0.000235596									
386	0.000243705									
387	0.000262004									
388	0.000295577
389	0.000345859
390	0.000398358
391	0.000427006
392	0.000420854
393	0.000364289
394	0.000266581
395	0.000187721
396	0.000189122
397	0.000328413
398	0.000654604
399	0.0011527
400	0.001743299
401	0.002405754
402	0.00304097
403	0.003578283
404	0.003965624
405	0.004161231
406	0.004102112
407	0.003770063
408	0.003157737
409	0.002381761
410	0.001588767
411	0.000911087
412	0.000515148
413	0.000443429
414	0.00059426
415	0.00085804
416	0.001135897
417	0.001332552
418	0.001426759
419	0.001451353
420	0.001439164
421	0.001446173
422	0.001474316
423	0.00152924
424	0.001609437
425	0.001713358
426	0.00181415
427	0.00198253
428	0.002366355
429	0.003121298
430	0.004398391
431	0.006290565
432	0.008645837
433	0.011071833
434	0.013189153
435	0.014637255
436	0.015358503
437	0.015178998
438	0.014216996
439	0.012591759
440	0.010424442
441	0.007813891
442	0.005229801
443	0.002988458
444	0.001394079
445	0.000706595
446	0.000833322
447	0.001461937
448	0.002291033
449	0.003012327
450	0.003400358
451	0.003484595
452	0.003400108
453	0.003261034
454	0.003178135
455	0.003192694
456	0.003254965
457	0.003352316
458	0.003452716
459	0.003530039
460	0.003584143
461	0.003629713
462	0.003667549
463	0.003704976
464	0.003745726
465	0.003788502
466	0.003844986
467	0.003900469
468	0.003953491
469	0.004003701
470	0.004051219
471	0.004105699
472	0.004157949
473	0.004208303
474	0.004257492
475	0.004306289
476	0.004338523
477	0.004371501
478	0.004404768
479	0.004437346
480	0.004468268
481	0.004515328
482	0.004560454
483	0.004606508
484	0.004656628
485	0.004713967
486	0.004749836
487	0.004792055
488	0.004835402
489	0.004874755
490	0.004905147
491	0.004936729
492	0.004961194
493	0.004982439
494	0.005004318
495	0.005030059
496	0.005056786
497	0.005085407
498	0.005114301
499	0.005141899
500	0.005167618
501	0.005200212
502	0.005232255
503	0.005264409
504	0.005297407
505	0.005332256
506	0.005344466
507	0.005360606
508	0.005381502
509	0.005405426
510	0.0054287
511	0.005474555
512	0.005512616
513	0.005541334
514	0.005563816
515	0.005583787
516	0.005607839
517	0.005636312
518	0.005669109
519	0.005704734
520	0.00574169
521	0.005770548
522	0.005797715
523	0.005821754
524	0.005841242
525	0.00585477
526	0.005869217
527	0.005886066
528	0.005913902
529	0.005961271
530	0.006033761
531	0.006098293
532	0.006142779
533	0.006139874
534	0.006064909
535	0.005953976
536	0.005917551
537	0.006048836
538	0.00645001
539	0.007171594
540	0.008140972
541	0.009260231
542	0.010445722
543	0.01160624
544	0.012637277
545	0.013430557
546	0.013890401
547	0.01390789
548	0.013498728
549	0.012760433
550	0.011791556
551	0.010721199
552	0.009614047
553	0.008579925
554	0.007729616
555	0.007174195
556	0.006961794
557	0.007005518
558	0.007186355
559	0.007385344
560	0.007503616
561	0.00756282
562	0.007578317
563	0.007584473
564	0.007613146
565	0.007669115
566	0.007729136
567	0.007794917
568	0.007856729
569	0.007926702
570	0.008036992
571	0.00819119
572	0.008449188
573	0.008808538
574	0.009219359
575	0.009628714
576	0.009991927
577	0.010262986
578	0.010431103
579	0.01048918
580	0.01043018
581	0.010236104
582	0.009980351
583	0.009718824
584	0.009506478
585	0.009385709
586	0.00937611
587	0.009420599
588	0.009493686
589	0.009572089
590	0.00964595
591	0.009707319
592	0.009754851
593	0.009784806
594	0.009800485
595	0.00980867
596	0.009855286
597	0.009907753
598	0.009967124
599	0.010031226
600	0.010097818
601	0.010164175
602	0.010228658
603	0.010289266
604	0.010343979
605	0.010391011
606	0.010425231
607	0.01045907
608	0.010497919
609	0.010546864
610	0.010605194
611	0.010643298
612	0.010679075
613	0.010707022
614	0.010727148
615	0.010744187
616	0.010741889
617	0.01074603
618	0.010757477
619	0.010773973
620	0.010793181
621	0.010788139
622	0.010781535
623	0.010771445
624	0.010755985
625	0.010733584
626	0.010726535
627	0.010719368
628	0.010716908
629	0.01072323
630	0.010734749
631	0.010726535
632	0.010707199
633	0.010669739
634	0.010616277
635	0.010553463
636	0.010515999
637	0.010480767
638	0.010446138
639	0.010407698
640	0.010361045
641	0.01032763
642	0.010284612
643	0.010235658
644	0.01018445
645	0.010133665
646	0.010083706
647	0.010031973
648	0.009977005
649	0.009917158
650	0.00985039
651	0.009782401
652	0.009703228
653	0.009614861
654	0.009525524
655	0.009444042
656	0.009346024
657	0.009263856
658	0.009187119
659	0.009105049
660	0.009007895
661	0.00892158
662	0.008827826
663	0.008734086
664	0.008646744
665	0.008565702
666	0.008479229
667	0.00839424
668	0.008308625
669	0.008221503
670	0.008132235
671	0.008031434
672	0.007928186
673	0.007823851
674	0.007719904
675	0.00761773
676	0.007515988
677	0.007414049
678	0.007310126
679	0.007202752
680	0.007092825
681	0.006994017
682	0.006896263
683	0.006801092
684	0.006708497
685	0.00661815
686	0.00652927
687	0.006441457
688	0.006353073
689	0.006262407
690	0.006167845
691	0.006082149
692	0.005992571
693	0.005899772
694	0.005804497
695	0.00570787
696	0.005608226
697	0.005509813
698	0.005413122
699	0.005317192
700	0.005220894
701	0.005128814
702	0.00503587
703	0.004944122
704	0.004855696
705	0.004772099
706	0.004689943
707	0.004608742
708	0.004526064
709	0.004440687
710	0.004353423
711	0.004279318
712	0.004204948
713	0.00413105
714	0.00405821
715	0.003987025
716	0.003903311
717	0.003821971
718	0.003742741
719	0.003665355
720	0.003589587
721	0.003517845
722	0.003447261
723	0.003377902
724	0.003311237
725	0.003249247
726	0.003191639
727	0.00314066
728	0.003092835
729	0.003044335
730	0.002991809
731	0.002937716
732	0.002884075
733	0.002834347
734	0.002789738
735	0.002746421
736	0.002699576
737	0.002645258
738	0.002583844
739	0.002518699
740	0.002453285
741	0.00239934
742	0.002349152
743	0.002303951
744	0.002264905
745	0.002231831
746	0.002198576
747	0.00216894
748	0.002141528
749	0.002114605
750	0.002086348
751	0.002059155
752	0.002026553
753	0.001986201
754	0.001935692
755	0.001875514
756	0.001811553
757	0.001755682
758	0.001716998
759	0.001697083
760	0.001692746
761	0.001700579
762	0.001715037
763	0.001725896
764	0.001722074
765	0.001693682
766	0.001644077
767	0.001580021
768	0.001509867
769	0.001441133
770	0.001379848
771	0.001331276
772	0.001300409
773	0.001279937
774	0.001258425
775	0.001224471
776	0.001171796
777	0.001114949
778	0.001064064
779	0.001026309
780	0.000998707
