Fluo Incandia 2850K										
Date	16.1.2009									
Time	16:00									
Integration time [ms]	2346									
Illuminance[lx]	957.5									
Irradiance[W/sqm]	2.6596									
CCT [K]	2846.2									
wavelength [nm]	Irradiance[W/(sqm*nm)]									
380	0.000268337									
381	0.000262356									
382	0.000244641									
383	0.00021676									
384	0.000180715									
385	0.000143225									
386	0.000114763									
387	0.000101434									
388	0.000111935
389	0.000149705
390	0.000195264
391	0.000219242
392	0.000200743
393	0.000118169
394	8.1677E-06
395	0
396	0
397	1.26447E-05
398	0.000367283
399	0.000951433
400	0.001647417
401	0.002417548
402	0.003150994
403	0.003761846
404	0.004196051
405	0.004417363
406	0.004367089
407	0.00403409
408	0.003414424
409	0.002618337
410	0.001783691
411	0.001032441
412	0.000527299
413	0.000314027
414	0.00031124
415	0.000430102
416	0.000589282
417	0.000712256
418	0.000777768
419	0.000805351
420	0.000814759
421	0.000839152
422	0.000880757
423	0.000941172
424	0.001017075
425	0.001105054
426	0.001185323
427	0.001332318
428	0.001732666
429	0.002582914
430	0.004073748
431	0.006332316
432	0.009168515
433	0.01210351
434	0.014674224
435	0.0164406
436	0.017311295
437	0.017092219
438	0.015924532
439	0.013950592
440	0.011315062
441	0.008153434
442	0.005022589
443	0.002309539
444	0.000386523
445	0
446	0
447	0.000495256
448	0.001496228
449	0.002351785
450	0.002783524
451	0.002837974
452	0.00267304
453	0.00243007
454	0.002246281
455	0.002173997
456	0.002165815
457	0.002197753
458	0.002232554
459	0.002239916
460	0.002220226
461	0.002187401
462	0.002146613
463	0.002107034
464	0.002073254
465	0.002043452
466	0.002022372
467	0.002000552
468	0.001975944
469	0.001947636
470	0.001915205
471	0.001882601
472	0.001844915
473	0.001807645
474	0.00178667
475	0.001798977
476	0.001854358
477	0.001978357
478	0.002206921
479	0.002584101
480	0.003153459
481	0.003973999
482	0.0050297
483	0.006222285
484	0.007443076
485	0.008582936
486	0.00947641
487	0.010122699
488	0.010495603
489	0.010569609
490	0.010320416
491	0.009792915
492	0.009054008
493	0.008201758
494	0.007333093
495	0.006532386
496	0.005810588
497	0.005158911
498	0.004564953
499	0.004016664
500	0.003508429
501	0.003047154
502	0.002629307
503	0.002257655
504	0.001934222
505	0.001658082
506	0.001420784
507	0.001229337
508	0.001081227
509	0.00097013
510	0.000886839
511	0.00082635
512	0.000775239
513	0.000727695
514	0.000684167
515	0.000645953
516	0.000614658
517	0.000590895
518	0.000573347
519	0.000559733
520	0.00054778
521	0.000534658
522	0.000523954
523	0.000523896
524	0.000542929
525	0.00058941
526	0.000666101
527	0.000756832
528	0.000842905
529	0.000905714
530	0.000941596
531	0.001060037
532	0.001428029
533	0.002208028
534	0.003560342
535	0.00565065
536	0.008664753
537	0.012771231
538	0.018142359
539	0.0247211
540	0.031900471
541	0.038964492
542	0.045257543
543	0.050171235
544	0.053439562
545	0.054915732
546	0.05449933
547	0.052020787
548	0.047665027
549	0.041839097
550	0.034951707
551	0.027491111
552	0.019863363
553	0.012775022
554	0.006948281
555	0.003107219
556	0.001597091
557	0.001760886
558	0.00277058
559	0.00379852
560	0.004162528
561	0.003924338
562	0.003354222
563	0.002734869
564	0.002328029
565	0.002169621
566	0.002164603
567	0.002222576
568	0.002253406
569	0.002252909
570	0.002295613
571	0.002450382
572	0.002800459
573	0.003376095
574	0.004144761
575	0.005069539
576	0.00611856
577	0.007249742
578	0.00841807
579	0.009578048
580	0.010684543
581	0.011670953
582	0.012540321
583	0.013276868
584	0.013865087
585	0.014292145
586	0.014604564
587	0.01475634
588	0.01474741
589	0.014581741
590	0.014288686
591	0.013902618
592	0.013467548
593	0.013019118
594	0.012566007
595	0.01210352
596	0.011673259
597	0.011218005
598	0.010704548
599	0.010083629
600	0.00930523
601	0.008354721
602	0.007698064
603	0.008145418
604	0.010522998
605	0.015604536
606	0.023204145
607	0.03240402
608	0.042251232
609	0.051788626
610	0.060114365
611	0.066222903
612	0.069386737
613	0.068812152
614	0.064582821
615	0.057532608
616	0.048423772
617	0.038258948
618	0.028083312
619	0.019081672
620	0.012433421
621	0.009201832
622	0.009162183
623	0.011016722
624	0.013462142
625	0.01528102
626	0.016150133
627	0.016289883
628	0.015956538
629	0.015388084
630	0.0146481
631	0.013672604
632	0.012442958
633	0.01093263
634	0.0092481
635	0.007561301
636	0.006058238
637	0.004861526
638	0.003975342
639	0.003346988
640	0.002923867
641	0.00266532
642	0.002542784
643	0.002543132
644	0.002653177
645	0.002855801
646	0.003121199
647	0.003416075
648	0.003707265
649	0.003963615
650	0.004158809
651	0.004270493
652	0.004269785
653	0.004154835
654	0.003960573
655	0.003725331
656	0.003474966
657	0.003248429
658	0.003057587
659	0.002913687
660	0.00282584
661	0.002788058
662	0.002764393
663	0.002726707
664	0.002650904
665	0.002537489
666	0.00239336
667	0.002231058
668	0.002060729
669	0.001894031
670	0.001742938
671	0.001617587
672	0.001525288
673	0.001460271
674	0.001415729
675	0.001385084
676	0.001365575
677	0.001358427
678	0.001364783
679	0.001386489
680	0.001430695
681	0.001509481
682	0.001630258
683	0.001795716
684	0.001984782
685	0.002171331
686	0.002329103
687	0.002438626
688	0.002490275
689	0.002475243
690	0.002386242
691	0.002241125
692	0.002061772
693	0.001875977
694	0.001706403
695	0.001549885
696	0.001394703
697	0.001230909
698	0.001078227
699	0.001014078
700	0.001122976
701	0.001486908
702	0.00211178
703	0.002946544
704	0.003937912
705	0.00502098
706	0.006076708
707	0.006973642
708	0.007577857
709	0.007812899
710	0.007699
711	0.007289685
712	0.006589997
713	0.005668125
714	0.004616823
715	0.003531685
716	0.002495088
717	0.001596448
718	0.000904831
719	0.000487006
720	0.000329541
721	0.000332877
722	0.000391638
723	0.000414798
724	0.000396957
725	0.000362764
726	0.000336846
727	0.000331436
728	0.000337179
729	0.000342645
730	0.000337514
731	0.000322219
732	0.000302323
733	0.000283663
734	0.000270405
735	0.000262927
736	0.000261073
737	0.00026474
738	0.000273794
739	0.000288098
740	0.000307511
741	0.000331562
742	0.000353447
743	0.000366573
744	0.000364685
745	0.000348539
746	0.000323328
747	0.000296115
748	0.000271516
749	0.000249379
750	0.000228715
751	0.000209292
752	0.000194424
753	0.000191236
754	0.000207131
755	0.000245161
756	0.000296401
757	0.000350388
758	0.000396606
759	0.000429624
760	0.000447188
761	0.000447032
762	0.000428691
763	0.000395538
764	0.000351533
765	0.000301114
766	0.000251995
767	0.000213096
768	0.000193778
769	0.000195341
770	0.00020604
771	0.000212473
772	0.000203698
773	0.000182602
774	0.000156981
775	0.000134694
776	0.000118551
777	0.000107408
778	9.92171E-05
779	9.24925E-05
780	8.76704E-05
