"Halogen Tungsten Truck headlights"	
Date	"26.02.2007 (http://spectral.joensuu.fi/database/artlights/readme.txt)"
Time	23:40:00
"Integration time [ms]"	
Illuminance[lx]	
Irradiance[W/sqm]	
"CCT [K]"	
"wavelength [nm]"	Irradiance[W/(sqm*nm)]
380	0.001049
381	0.001152
382	0.001255
383	0.0013295
384	0.001404
385	0.0014405
386	0.001477
387	0.0016015
388	0.001726
389	0.001827
390	0.001928
391	0.001936
392	0.001944
393	0.00207
394	0.002196
395	0.002203
396	0.00221
397	0.0022575
398	0.002305
399	0.0023665
400	0.002428
401	0.0025565
402	0.002685
403	0.0027065
404	0.002728
405	0.0028335
406	0.002939
407	0.0029845
408	0.00303
409	0.0031135
410	0.003197
411	0.003248
412	0.003299
413	0.0033355
414	0.003372
415	0.003462
416	0.003552
417	0.0036535
418	0.003755
419	0.0038535
420	0.003952
421	0.003984
422	0.004016
423	0.004056
424	0.004096
425	0.004188
426	0.00428
427	0.0043565
428	0.004433
429	0.0045295
430	0.004626
431	0.0046935
432	0.004761
433	0.004839
434	0.004917
435	0.0050415
436	0.005166
437	0.005241
438	0.005316
439	0.005396
440	0.005476
441	0.0055635
442	0.005651
443	0.00573
444	0.005809
445	0.0058875
446	0.005966
447	0.006084
448	0.006202
449	0.006307
450	0.006412
451	0.0064995
452	0.006587
453	0.0066685
454	0.00675
455	0.0068165
456	0.006883
457	0.006963
458	0.007043
459	0.007152
460	0.007261
461	0.0073675
462	0.007474
463	0.007581
464	0.007688
465	0.0078245
466	0.007961
467	0.0080925
468	0.008224
469	0.0083485
470	0.008473
471	0.008616
472	0.008759
473	0.008825
474	0.008891
475	0.008983
476	0.009075
477	0.0091535
478	0.009232
479	0.009337
480	0.009442
481	0.009508
482	0.009574
483	0.0096955
484	0.009817
485	0.0099335
486	0.01005
487	0.01021
488	0.01037
489	0.01051
490	0.01065
491	0.010775
492	0.0109
493	0.011045
494	0.01119
495	0.01133
496	0.01147
497	0.011575
498	0.01168
499	0.01182
500	0.01196
501	0.012065
502	0.01217
503	0.01231
504	0.01245
505	0.01257
506	0.01269
507	0.012795
508	0.0129
509	0.013025
510	0.01315
511	0.01326
512	0.01337
513	0.013485
514	0.0136
515	0.013705
516	0.01381
517	0.01393
518	0.01405
519	0.014145
520	0.01424
521	0.01437
522	0.0145
523	0.014645
524	0.01479
525	0.01498
526	0.01517
527	0.015335
528	0.0155
529	0.01566
530	0.01582
531	0.01597
532	0.01612
533	0.016255
534	0.01639
535	0.01651
536	0.01663
537	0.016765
538	0.0169
539	0.01699
540	0.01708
541	0.017175
542	0.01727
543	0.01739
544	0.01751
545	0.017615
546	0.01772
547	0.01778
548	0.01784
549	0.017945
550	0.01805
551	0.01819
552	0.01833
553	0.0185
554	0.01867
555	0.018825
556	0.01898
557	0.01917
558	0.01936
559	0.019515
560	0.01967
561	0.019825
562	0.01998
563	0.020175
564	0.02037
565	0.020505
566	0.02064
567	0.020775
568	0.02091
569	0.021005
570	0.0211
571	0.0212
572	0.0213
573	0.021415
574	0.02153
575	0.021635
576	0.02174
577	0.02181
578	0.02188
579	0.02203
580	0.02218
581	0.022295
582	0.02241
583	0.02249
584	0.02257
585	0.022685
586	0.0228
587	0.022915
588	0.02303
589	0.02314
590	0.02325
591	0.02337
592	0.02349
593	0.02365
594	0.02381
595	0.02389
596	0.02397
597	0.02406
598	0.02415
599	0.02429
600	0.02443
601	0.02457
602	0.02471
603	0.024815
604	0.02492
605	0.025055
606	0.02519
607	0.02535
608	0.02551
609	0.02562
610	0.02573
611	0.025845
612	0.02596
613	0.02612
614	0.02628
615	0.02644
616	0.0266
617	0.02674
618	0.02688
619	0.02701
620	0.02714
621	0.027235
622	0.02733
623	0.02739
624	0.02745
625	0.0275
626	0.02755
627	0.02763
628	0.02771
629	0.02777
630	0.02783
631	0.027885
632	0.02794
633	0.02803
634	0.02812
635	0.028175
636	0.02823
637	0.028315
638	0.0284
639	0.028505
640	0.02861
641	0.02873
642	0.02885
643	0.02901
644	0.02917
645	0.02932
646	0.02947
647	0.029645
648	0.02982
649	0.02995
650	0.03008
651	0.030205
652	0.03033
653	0.0305
654	0.03067
655	0.03077
656	0.03087
657	0.03101
658	0.03115
659	0.031225
660	0.0313
661	0.03143
662	0.03156
663	0.031655
664	0.03175
665	0.031835
666	0.03192
667	0.03198
668	0.03204
669	0.032105
670	0.03217
671	0.03223
672	0.03229
673	0.032355
674	0.03242
675	0.03245
676	0.03248
677	0.032555
678	0.03263
679	0.032675
680	0.03272
681	0.03275
682	0.03278
683	0.03282
684	0.03286
685	0.032925
686	0.03299
687	0.03303
688	0.03307
689	0.03319
690	0.03331
691	0.03341
692	0.03351
693	0.03358
694	0.03365
695	0.033715
696	0.03378
697	0.03387
698	0.03396
699	0.03414
700	0.03432
701	0.03438
702	0.03444
703	0.03451
704	0.03458
705	0.034755
706	0.03493
707	0.03498
708	0.03503
709	0.035065
710	0.0351
711	0.03519
712	0.03528
713	0.035335
714	0.03539
715	0.03537
716	0.03535
717	0.03552
718	0.03569
719	0.035715
720	0.03574
721	0.03577
722	0.0358
723	0.035895
724	0.03599
725	0.03607
726	0.03615
727	0.036175
728	0.0362
729	0.036245
730	0.03629
731	0.03634
732	0.03639
733	0.03646
734	0.03653
735	0.036565
736	0.0366
737	0.03663
738	0.03666
739	0.03674
740	0.03682
741	0.03689
742	0.03696
743	0.036945
744	0.03693
745	0.036875
746	0.03682
747	0.036865
748	0.03691
749	0.037
750	0.03709
751	0.037095
752	0.0371
753	0.037105
754	0.03711
755	0.03704
756	0.03697
757	0.03692
758	0.03687
759	0.036655
760	0.03644
761	0.03655
762	0.03666
763	0.03678
764	0.0369
765	0.03696
766	0.03702
767	0.037205
768	0.03739
769	0.0376
770	0.03781
771	0.03808
772	0.03835
773	0.038435
774	0.03852
775	0.03837
776	0.03822
777	0.03825
778	0.03828
779	0.03833
780	0.03838
