Incandescent										
Date	39829									
Time	16:00									
Integration time [ms]	8905									
Illuminance[lx]	454.5666667									
Irradiance[W/sqm]	3.643									
CCT [K]	2310.666667									
wavelength [nm]	Irradiance[W/(sqm*nm)]									
380	7.96169E-05									
381	8.65511E-05									
382	9.30962E-05									
383	9.80258E-05									
384	0.000100362									
385	0.000100629									
386	0.000101546									
387	0.000102776									
388	0.000105462
389	0.000110522
390	0.000117907
391	0.000125158
392	0.00013383
393	0.000143567
394	0.000153892
395	0.00016405
396	0.000172361
397	0.000179031
398	0.000183486
399	0.000186076
400	0.000188087
401	0.000195255
402	0.000204432
403	0.000216749
404	0.000232307
405	0.000250626
406	0.000269834
407	0.000290592
408	0.000312399
409	0.000334829
410	0.000357478
411	0.000374705
412	0.000390933
413	0.000405948
414	0.000419748
415	0.000432354
416	0.000445382
417	0.000457333
418	0.000468963
419	0.000481549
420	0.000496328
421	0.000523382
422	0.000555315
423	0.000590151
424	0.000624915
425	0.000656559
426	0.000672478
427	0.000680916
428	0.000685829
429	0.000691602
430	0.000702487
431	0.000718207
432	0.000741899
433	0.000769049
434	0.000795265
435	0.000816373
436	0.000841399
437	0.000860424
438	0.000876522
439	0.000892797
440	0.000912356
441	0.000925633
442	0.000942173
443	0.000960514
444	0.000979245
445	0.00099706
446	0.001028566
447	0.00105864
448	0.001086814
449	0.00111261
450	0.00113607
451	0.001151059
452	0.001167217
453	0.001186615
454	0.001211245
455	0.001241406
456	0.001267637
457	0.001296158
458	0.001325476
459	0.001354249
460	0.001381708
461	0.001409939
462	0.001435778
463	0.001458679
464	0.001479034
465	0.001498552
466	0.001524297
467	0.001552869
468	0.001585683
469	0.001621769
470	0.001659149
471	0.001699795
472	0.001737983
473	0.001772796
474	0.001805167
475	0.001836221
476	0.00185982
477	0.001884075
478	0.001909331
479	0.001935595
480	0.001962876
481	0.001999475
482	0.002037538
483	0.002077576
484	0.002120135
485	0.002165763
486	0.002200378
487	0.002236817
488	0.002273293
489	0.002308052
490	0.002339403
491	0.002372955
492	0.002405614
493	0.002440066
494	0.002478964
495	0.002524253
496	0.002572423
497	0.002620997
498	0.002666284
499	0.002704745
500	0.002736296
501	0.002769372
502	0.002804009
503	0.002844472
504	0.002893758
505	0.002949864
506	0.002995223
507	0.003040564
508	0.003082883
509	0.003121474
510	0.003157395
511	0.003207468
512	0.00325729
513	0.003307543
514	0.003358115
515	0.003408792
516	0.003461142
517	0.003513241
518	0.003565088
519	0.003616758
520	0.003668326
521	0.003714745
522	0.003760763
523	0.003805796
524	0.003849248
525	0.003890528
526	0.00393378
527	0.003977265
528	0.004023537
529	0.004075137
530	0.004134128
531	0.004188014
532	0.004244165
533	0.004299314
534	0.004350356
535	0.004397205
536	0.004450274
537	0.004505636
538	0.004566499
539	0.004634503
540	0.004707548
541	0.004779007
542	0.004850156
543	0.004918729
544	0.004984274
545	0.005046958
546	0.005111132
547	0.005172824
548	0.005231719
549	0.00528719
550	0.005338606
551	0.005401095
552	0.005459601
553	0.00551589
554	0.005571836
555	0.005629321
556	0.005683502
557	0.005738296
558	0.005791569
559	0.005841187
560	0.005885597
561	0.005941218
562	0.005995574
563	0.006050968
564	0.006109535
565	0.006171601
566	0.006226192
567	0.006282629
568	0.006340246
569	0.006399657
570	0.006462652
571	0.006507709
572	0.006559584
573	0.006618425
574	0.006682151
575	0.006748533
576	0.00682057
577	0.006892331
578	0.006965926
579	0.007043825
580	0.007128481
581	0.007204504
582	0.007287573
583	0.007376142
584	0.007468693
585	0.007563388
586	0.007682187
587	0.00779656
588	0.007902732
589	0.007997459
590	0.008080754
591	0.008151118
592	0.008212557
593	0.0082664
594	0.008314453
595	0.008358753
596	0.008434831
597	0.008511678
598	0.008590756
599	0.008673222
600	0.008760243
601	0.00885238
602	0.008948309
603	0.009044367
604	0.009136815
605	0.00922219
606	0.009295495
607	0.00936848
608	0.009446713
609	0.009535521
610	0.009635467
611	0.009721166
612	0.009810403
613	0.00989968
614	0.009988347
615	0.010078201
616	0.010151143
617	0.010228636
618	0.010311102
619	0.010397851
620	0.010488163
621	0.010557175
622	0.010627804
623	0.010698848
624	0.010769125
625	0.010837646
626	0.010926233
627	0.011017567
628	0.011114646
629	0.011219956
630	0.011330727
631	0.011423218
632	0.011509077
633	0.011583213
634	0.01164698
635	0.01170493
636	0.011793105
637	0.011883778
638	0.011974845
639	0.012061959
640	0.012140783
641	0.012237525
642	0.012326158
643	0.01241129
644	0.012497557
645	0.012588182
646	0.012683037
647	0.012778159
648	0.012870975
649	0.012959362
650	0.01304226
651	0.013129225
652	0.013209068
653	0.013284172
654	0.013361931
655	0.013450228
656	0.013509107
657	0.013584178
658	0.01366543
659	0.013742533
660	0.013806104
661	0.013895683
662	0.013979159
663	0.014063173
664	0.014153509
665	0.014250729
666	0.014337841
667	0.014428883
668	0.014522437
669	0.014616931
670	0.014710768
671	0.01478624
672	0.014858615
673	0.014928755
674	0.01499766
675	0.015066333
676	0.015133662
677	0.015202906
678	0.015275167
679	0.015351049
680	0.015427416
681	0.015525385
682	0.015614428
683	0.01569201
684	0.015763472
685	0.015835828
686	0.015914938
687	0.016002962
688	0.016092043
689	0.016173537
690	0.016239497
691	0.016326404
692	0.016407779
693	0.016491942
694	0.016585181
695	0.016683694
696	0.016771892
697	0.016851417
698	0.016919305
699	0.016980111
700	0.01703927
701	0.017120579
702	0.017204399
703	0.017284651
704	0.017355047
705	0.017412026
706	0.017458205
707	0.01751412
708	0.017593408
709	0.017698077
710	0.017810704
711	0.017970745
712	0.018102885
713	0.018211604
714	0.01831552
715	0.018433957
716	0.018509305
717	0.018595184
718	0.018671941
719	0.018720469
720	0.018741839
721	0.018772686
722	0.018823459
723	0.01891373
724	0.019035753
725	0.019172092
726	0.019291422
727	0.019397877
728	0.019495805
729	0.019590858
730	0.019688014
731	0.019794967
732	0.019898123
733	0.019992741
734	0.020078316
735	0.020163764
736	0.020257391
737	0.020370069
738	0.020493146
739	0.020606497
740	0.020689541
741	0.020808897
742	0.020908249
743	0.02101145
744	0.021141436
745	0.021299841
746	0.021424104
747	0.021546613
748	0.021656724
749	0.021756056
750	0.021848405
751	0.021982981
752	0.02211447
753	0.022239055
754	0.022352752
755	0.022455179
756	0.022527957
757	0.022608934
758	0.022708108
759	0.022822237
760	0.022939623
761	0.023047518
762	0.023140057
763	0.023223132
764	0.023304386
765	0.023390567
766	0.023497729
767	0.02360163
768	0.023695591
769	0.023778346
770	0.023857371
771	0.023926477
772	0.024007021
773	0.024096764
774	0.024190196
775	0.024282048
776	0.024278178
777	0.024292582
778	0.024342329
779	0.024435255
780	0.024548143
