380	0
381	0
382	4.7254e-08
383	5.6849e-08
384	5.6849e-08
385	5.6849e-08
386	5.6849e-08
387	5.6849e-08
388	5.6849e-08
389	5.6849e-08
390	5.6849e-08
391	5.6849e-08
392	5.6849e-08
393	0.003214
394	0.001942
395	0.0024518
396	0.003884
397	0.003884
398	0.003884
399	0.003884
400	0.0045637
401	0.0058259
402	0.0088748
403	0.013604
404	0.018759
405	0.025852
406	0.034217
407	0.040286
408	0.057715
409	0.077227
410	0.10156
411	0.12849
412	0.16196
413	0.20579
414	0.26816
415	0.34751
416	0.44832
417	0.51813
418	0.60643
419	0.68262
420	0.78552
421	0.90665
422	0.9735
423	1
424	0.98184
425	0.91287
426	0.80368
427	0.73491
428	0.67837
429	0.63146
430	0.5957
431	0.56454
432	0.53264
433	0.50427
434	0.47879
435	0.45702
436	0.43749
437	0.42648
438	0.41469
439	0.40523
440	0.39791
441	0.39474
442	0.39616
443	0.39889
444	0.40898
445	0.4216
446	0.43845
447	0.45027
448	0.46362
449	0.47977
450	0.49719
451	0.51589
452	0.53008
453	0.54426
454	0.55827
455	0.5713
456	0.58476
457	0.59567
458	0.60562
459	0.61437
460	0.61988
461	0.62697
462	0.63244
463	0.64095
464	0.64384
465	0.64667
466	0.64804
467	0.65041
468	0.6525
469	0.6525
470	0.65362
471	0.65444
472	0.65444
473	0.65444
474	0.65358
475	0.65121
476	0.64885
477	0.64862
478	0.648
479	0.64667
480	0.64667
481	0.64667
482	0.64667
483	0.64589
484	0.64473
485	0.64148
486	0.64074
487	0.63891
488	0.63891
489	0.63891
490	0.6407
491	0.64085
492	0.64155
493	0.64279
494	0.64433
495	0.64667
496	0.64712
497	0.64862
498	0.64991
499	0.65056
500	0.65269
501	0.65506
502	0.65638
503	0.65785
504	0.66021
505	0.66221
506	0.66378
507	0.6673
508	0.66967
509	0.6702
510	0.67386
511	0.67482
512	0.67718
513	0.67775
514	0.67775
515	0.67845
516	0.68081
517	0.68318
518	0.6836
519	0.68642
520	0.69027
521	0.69134
522	0.69134
523	0.69328
524	0.69328
525	0.69328
526	0.69328
527	0.69517
528	0.69559
529	0.69717
530	0.69838
531	0.69911
532	0.69911
533	0.69911
534	0.69911
535	0.69911
536	0.69911
537	0.69745
538	0.69982
539	0.70105
540	0.70105
541	0.70108
542	0.70299
543	0.70299
544	0.70429
545	0.70493
546	0.70493
547	0.70368
548	0.70105
549	0.70105
550	0.69916
551	0.69911
552	0.69911
553	0.69667
554	0.69522
555	0.69328
556	0.69274
557	0.69134
558	0.69134
559	0.69134
560	0.6894
561	0.68868
562	0.68632
563	0.68551
564	0.68353
565	0.68163
566	0.68163
567	0.68032
568	0.67969
569	0.67775
570	0.67775
571	0.67775
572	0.67627
573	0.67391
574	0.67348
575	0.67192
576	0.67192
577	0.67192
578	0.67192
579	0.67192
580	0.67192
581	0.67192
582	0.67192
583	0.67162
584	0.67141
585	0.67386
586	0.67386
587	0.6758
588	0.6758
589	0.6758
590	0.6758
591	0.6758
592	0.6799
593	0.68163
594	0.68269
595	0.68505
596	0.68932
597	0.69172
598	0.69328
599	0.69574
600	0.69882
601	0.69924
602	0.70105
603	0.70203
604	0.70579
605	0.7087
606	0.70882
607	0.70954
608	0.71076
609	0.71076
610	0.71081
611	0.7127
612	0.71449
613	0.7179
614	0.71853
615	0.72069
616	0.72241
617	0.72241
618	0.72538
619	0.72629
620	0.72629
621	0.72629
622	0.72629
623	0.72629
624	0.72629
625	0.72629
626	0.72531
627	0.72155
628	0.72047
629	0.71822
630	0.71586
631	0.71349
632	0.70955
633	0.70488
634	0.70252
635	0.69925
636	0.69452
637	0.69328
638	0.68701
639	0.68293
640	0.68056
641	0.6782
642	0.67392
643	0.66958
644	0.66722
645	0.66486
646	0.66249
647	0.65804
648	0.65444
649	0.65247
650	0.64774
651	0.64118
652	0.63215
653	0.62579
654	0.6199
655	0.61439
656	0.61166
657	0.6093
658	0.60603
659	0.59865
660	0.59444
661	0.58362
662	0.57416
663	0.56256
664	0.54987
665	0.53805
666	0.52428
667	0.51246
668	0.50064
669	0.48715
670	0.47326
671	0.46266
672	0.44947
673	0.43906
674	0.42777
675	0.41789
676	0.4068
677	0.39735
678	0.38789
679	0.37849
680	0.3714
681	0.3634
682	0.35527
683	0.34818
684	0.33914
685	0.33205
686	0.32496
687	0.31487
688	0.30689
689	0.2998
690	0.29188
691	0.28367
692	0.27824
693	0.27337
694	0.26627
695	0.25918
696	0.2535
697	0.24694
698	0.23984
699	0.23349
700	0.2276
701	0.22051
702	0.21341
703	0.20681
704	0.20117
705	0.19541
706	0.19068
707	0.18595
708	0.18122
709	0.1765
710	0.17177
711	0.16704
712	0.16272
713	0.15952
714	0.15354
715	0.1498
716	0.14728
717	0.14255
718	0.13782
719	0.13452
720	0.13031
721	0.12558
722	0.12234
723	0.12
724	0.11687
725	0.11256
726	0.1097
727	0.10497
728	0.10292
729	0.099399
730	0.095156
731	0.094491
732	0.092127
733	0.088253
734	0.085456
735	0.085034
736	0.081834
737	0.078363
738	0.075999
739	0.073634
740	0.070688
741	0.067969
742	0.066541
743	0.064177
744	0.059871
745	0.058259
746	0.058259
747	0.056662
748	0.05422
749	0.050491
750	0.050491
751	0.049146
752	0.048549
753	0.04636
754	0.043995
755	0.042723
756	0.041209
757	0.038844
758	0.038839
759	0.038839
760	0.037577
761	0.035213
762	0.033013
763	0.032426
764	0.031071
765	0.031071
766	0.031071
767	0.028795
768	0.027188
769	0.026008
770	0.023643
771	0.023304
772	0.023304
773	0.023304
774	0.023304
775	0.021532
776	0.01942
777	0.01942
778	0.018322
779	0.015958
780	0.011652
